   8      16 sdb 157223 15 310963780 1681263 242607 13020 36000225 134945 0 618809 1815203
   8      17 sdb1 157123 15 310958460 1680197 242607 13020 36000225 134945 0 617897 1814142
   8      32 sdc 51161 0 2833016 26319 0 0 0 0 0 12404 26305
   8       0 sda 117179 463 12424545 604812 1594606 146212 246335608 378657 0 382358 982744
   8       1 sda1 636 0 25811 428 208 2 79910 18 0 331 445
   8       2 sda2 116513 463 12395646 604301 1594398 146210 246255698 378639 0 382174 982184
 253       0 dm-0 101044 0 9677879 549891 218536 0 32765094 80047 0 300580 629950
 253       1 dm-1 163 0 6760 562 118 0 944 94 0 511 656
 253       2 dm-2 12989 0 931143 49636 496501 0 51090575 39825 0 47968 89493
 253       3 dm-3 687 0 10055 825 2065 0 570374 723 0 909 1548
 253       4 dm-4 2064 0 1765569 4868 1023388 0 161828711 365468 0 42185 370519
 253       5 dm-5 157102 0 310956684 1678390 255627 0 36000225 142276 0 620386 1820674
   7       0 loop0 0 0 0 0 0 0 0 0 0 0 0
   7       1 loop1 0 0 0 0 0 0 0 0 0 0 0
