   8      16 sdb 157219 15 310963748 1681221 242060 12971 35416171 134239 0 618709 1814455
   8      17 sdb1 157119 15 310958428 1680155 242060 12971 35416171 134239 0 617797 1813394
   8      32 sdc 49565 0 2744648 25505 0 0 0 0 0 12010 25491
   8       0 sda 115042 461 12161305 590487 1500427 135344 224277703 292013 0 371026 881828
   8       1 sda1 636 0 25811 428 202 2 78340 18 0 331 445
   8       2 sda2 114376 461 12132406 589976 1500225 135342 224199363 291995 0 370842 881268
 253       0 dm-0 98927 0 9415071 535787 212666 0 32092392 79321 0 295455 615120
 253       1 dm-1 159 0 6728 498 91 0 728 93 0 478 591
 253       2 dm-2 12971 0 930743 49449 479043 0 49428850 38923 0 47514 88403
 253       3 dm-3 687 0 10055 825 2056 0 568787 723 0 909 1548
 253       4 dm-4 2064 0 1765569 4868 941711 0 142108606 255099 0 36165 260149
 253       5 dm-5 157098 0 310956652 1678348 255031 0 35416171 141572 0 620288 1819928
   7       0 loop0 0 0 0 0 0 0 0 0 0 0 0
   7       1 loop1 0 0 0 0 0 0 0 0 0 0 0
