   8      16 sdb 157219 15 310963748 1681221 242060 12971 35416171 134239 0 618709 1814455
   8      17 sdb1 157119 15 310958428 1680155 242060 12971 35416171 134239 0 617797 1813394
   8      32 sdc 49527 0 2742544 25485 0 0 0 0 0 12000 25471
   8       0 sda 115042 461 12161305 590487 1500312 135333 224261870 292012 0 371025 881827
   8       1 sda1 636 0 25811 428 202 2 78340 18 0 331 445
   8       2 sda2 114376 461 12132406 589976 1500110 135331 224183530 291994 0 370841 881267
 253       0 dm-0 98927 0 9415071 535787 212635 0 32086215 79320 0 295454 615119
 253       1 dm-1 159 0 6728 498 91 0 728 93 0 478 591
 253       2 dm-2 12971 0 930743 49449 478990 0 49421841 38923 0 47514 88403
 253       3 dm-3 687 0 10055 825 2056 0 568787 723 0 909 1548
 253       4 dm-4 2064 0 1765569 4868 941669 0 142105959 255099 0 36165 260149
 253       5 dm-5 157098 0 310956652 1678348 255031 0 35416171 141572 0 620288 1819928
   7       0 loop0 0 0 0 0 0 0 0 0 0 0 0
   7       1 loop1 0 0 0 0 0 0 0 0 0 0 0
